#Timestep	Conc
0.000010000	0.000000000 
0.000020020	0.000000000 
0.000030060	0.000000000 
0.000040120	0.000000000 
0.000050200	0.000000000 
0.000060300	0.000000000 
0.000070421	0.000000000 
0.000080563	0.000000000 
0.000090724	0.000000000 
0.000100907	0.000000000 
0.000111109	0.000000000 
0.000121333	0.000000000 
0.000131577	0.000000000 
0.000141842	0.000000000 
0.000152128	0.000000000 
0.000162434	0.000000000 
0.000172762	0.000000000 
0.000183111	0.000000000 
0.000193480	0.000000000 
0.000203871	0.000000000 
0.000214283	0.000000000 
0.000235171	0.000000000 
0.000256145	0.000000000 
0.000277205	0.000000000 
0.000298352	0.000000000 
0.000319585	0.000000000 
0.000340907	0.000000000 
0.000362317	0.000000000 
0.000383816	0.000000000 
0.000405404	0.000000000 
0.000427082	0.000000000 
0.000448851	0.000000000 
0.000481675	0.000000000 
0.000514707	0.000000000 
0.000547947	0.000000000 
0.000581398	0.000000000 
0.000615062	0.000000000 
0.000648941	0.000000000 
0.000683037	0.000000000 
0.000717352	0.000000000 
0.000763450	0.000000000 
0.000809947	0.000000000 
0.000856847	0.000000000 
0.000904156	0.000000000 
0.000951879	0.000000000 
0.001000022	0.000000000 
0.001060799	0.000000000 
0.001122253	0.000000000 
0.001184393	0.000000000 
0.001247231	0.000000000 
0.001310780	0.000000000 
0.001387994	0.000000000 
0.001466269	0.000000000 
0.001545628	0.000000000 
0.001626094	0.000000000 
0.001707690	0.000000000 
0.001804345	0.000000000 
0.001902609	0.000000000 
0.002002524	0.000000000 
0.002104132	0.000000000 
0.002222382	0.000000000 
0.002342967	0.000000000 
0.002465955	0.000000000 
0.002591420	0.000000000 
0.002735622	0.000000000 
0.002883166	0.000000000 
0.003034170	0.000000000 
0.003188757	0.000000000 
0.003364880	0.000000000 
0.003545771	0.000000000 
0.003731628	0.000000000 
0.003922657	0.000000000 
0.004119078	0.000000000 
0.004341644	0.000000000 
0.004571341	0.000000000 
0.004808518	0.000000000 
0.005053545	0.000000000 
0.005306818	0.000000000 
0.005593020	0.000000000 
0.005890131	0.000000000 
0.006198785	0.000000000 
0.006519670	0.000000000 
0.006853527	0.000000000 
0.007201158	0.000000000 
0.007563434	0.000000000 
0.007973523	0.000000000 
0.008403222	0.000000000 
0.008853972	0.000000000 
0.009327357	0.000000001 
0.009825127	0.000000001 
0.010349214	0.000000001 
0.010901762	0.000000001 
0.011485154	0.000000001 
0.012102044	0.000000001 
0.012755403	0.000000002 
0.013393747	0.000000002 
0.014068932	0.000000002 
0.014784242	0.000000003 
0.015543363	0.000000003 
0.016350443	0.000000004 
0.017210173	0.000000005 
0.018127878	0.000000005 
0.019109620	0.000000006 
0.020071717	0.000000008 
0.021099553	0.000000009 
0.022200099	0.000000010 
0.023381347	0.000000012 
0.024652504	0.000000014 
0.025895060	0.000000017 
0.027229966	0.000000019 
0.028667905	0.000000023 
0.030221270	0.000000027 
0.031904521	0.000000031 
0.033544473	0.000000036 
0.035317839	0.000000042 
0.037241565	0.000000049 
0.039335584	0.000000057 
0.041358890	0.000000065 
0.043554920	0.000000075 
0.045946726	0.000000087 
0.048561643	0.000000101 
0.051058233	0.000000115 
0.053776552	0.000000132 
0.056747415	0.000000152 
0.060007597	0.000000176 
0.063065619	0.000000200 
0.066401864	0.000000229 
0.070055930	0.000000262 
0.074075260	0.000000301 
0.078517178	0.000000348 
0.082591561	0.000000395 
0.087056510	0.000000449 
0.091970569	0.000000513 
0.097404494	0.000000590 
0.103444581	0.000000681 
0.108783701	0.000000768 
0.114644389	0.000000869 
0.121105999	0.000000988 
0.128264603	0.000001130 
0.136237570	0.000001299 
0.145169686	0.000001503 
0.152605176	0.000001685 
0.160773707	0.000001897 
0.169786652	0.000002146 
0.179778508	0.000002440 
0.190913035	0.000002791 
0.203391353	0.000003213 
0.217462780	0.000003724 
0.233439447	0.000004352 
0.245339847	0.000004851 
0.258403043	0.000005431 
0.272798032	0.000006109 
0.288725846	0.000006905 
0.306426794	0.000007848 
0.326189481	0.000008972 
0.348361992	0.000010323 
0.373365664	0.000011961 
0.401711783	0.000013964 
0.434021349	0.000016435 
0.471047459	0.000019515 
0.513698803	0.000023390 
0.563060713	0.000028312 
0.620406987	0.000034617 
0.652522405	0.000038425 
0.687191299	0.000042757 
0.724616195	0.000047694 
0.765002464	0.000053323 
0.808553787	0.000059744 
0.855466608	0.000067070 
0.905923717	0.000075422 
0.960087255	0.000084934 
1.018091618	0.000095748 
1.080036821	0.000108016 
1.145982996	0.000121892 
1.215946625	0.000137536 
1.289898989	0.000155107 
1.367766981	0.000174759 
1.449436804	0.000196642 
1.534755510	0.000220900 
1.623567319	0.000247631 
1.715472246	0.000277230 
1.812014972	0.000307309 
2.023987575	0.000359054 
2.185638405	0.000505959 
2.351597019	0.000685468 
2.521307415	0.000898598 
2.694261778	0.001146100 
2.870004858	0.001428527 
3.048134699	0.001746279 
3.228300722	0.002099647 
3.410200124	0.002488835 
3.593573378	0.002913985 
3.778199395	0.003375194 
3.990170957	0.004402412 
4.337861099	0.004975670 
4.714496329	0.006223524 
5.093101149	0.007616031 
5.473189229	0.009153065 
5.854421726	0.010834479 
6.236563205	0.012660133 
6.619450419	0.014629905 
7.002970364	0.016743696 
7.387044942	0.019001433 
7.771620274	0.021403068 
8.182295485	0.025267266 
8.735033673	0.028036577 
9.314341280	0.032448317 
9.894551615	0.037183902 
10.475648095	0.042243487 
11.057622129	0.047627269 
11.640469718	0.053335472 
12.224189510	0.059368340 
13.003839744	0.067917657 
13.785043594	0.077045280 
14.567805078	0.086751892 
15.352128883	0.097038191 
16.138020023	0.107904892 
16.951071451	0.122296010 
17.912032607	0.134480801 
18.901057203	0.150519454 
19.892567927	0.167470103 
20.912146991	0.189006971 
22.082694610	0.207978823 
23.282442674	0.231943340 
24.485837941	0.257230202 
25.718451960	0.288396113 
27.105794786	0.316566513 
28.523735250	0.351101597 
29.972287556	0.392781872 
31.579305620	0.431219745 
33.218573567	0.477368995 
34.890119747	0.532128970 
36.724514319	0.583366230 
38.593106076	0.643863313 
40.679576616	0.714651983 
42.776933059	0.789208788 
45.096708607	0.875586440 
47.429891825	0.966551052 
49.802082812	1.071022035 
52.352243893	1.171634864 
55.161051731	1.296498850 
57.989343226	1.427853543 
61.057231000	1.576597417 
64.148234487	1.732923591 
67.485986062	1.908861633 
70.876359798	2.106183750 
74.470555228	2.300296183 
78.351207152	2.530963089 
82.293633932	2.787612641 
86.455832286	3.041815690 
90.921631529	3.339516745 
95.673796106	3.668469606 
100.479461109	4.013476443 
105.583959562	4.393089191 
110.996974834	4.809933659 
116.728932983	5.266778798 
122.791046637	5.766538391 
128.937410701	6.289948962 
135.431219765	6.860433330 
142.285635760	7.481209036 
149.514766331	8.155641871 
157.133718150	8.887246561 
165.158651790	9.679687105 
173.606837608	10.536776680 
182.496711889	11.462477062 
191.847932277	12.460897447 
201.681431265	13.536292590 
212.019466185	14.693060121 
222.885663770	15.935736904 
234.305056947	17.268994244 
246.304111040	18.697631734 
258.910736049	20.226569455 
272.154281159	21.860838177 
286.065507143	23.605567118 
300.676531892	25.465968659 
316.020744165	27.447319246 
332.132680787	29.554935431 
349.047863344	31.794143644 
366.802592241	34.170241726 
385.433699316	36.688449516 
404.978265996	39.353844572 
425.473323379	42.171277423 
446.955565683	45.145258025 
469.461132316	48.279800880 
493.019959038	51.869106758 
517.905424190	56.068356148 
543.983671733	60.337856727 
571.603573523	64.923876477 
600.466025448	69.729854904 
630.893987108	74.956270894 
662.594249297	80.588299388 
695.752757244	86.690340120 
730.732485690	93.282691935 
767.563502929	99.573294325 
805.944061583	99.967853443 
846.413069869	99.967854972 
888.962698240	99.967854972 
933.567768275	99.967854972 
980.452599962	99.967854972 
1029.602929002	99.967854972 
1081.545852572	99.967854972 
1136.605353237	99.967854972 
1193.742571394	99.967854972 
1253.996365316	99.967854972 
1317.366734914	99.967854972 
1383.853680144	99.967854972 
1453.457200982	99.967854972 
1526.177297410	99.967854972 
1603.052827939	99.967854972 
1684.083792561	99.967854972 
1769.270191270	99.967854972 
1858.612024061	99.967854972 
1952.109290931	99.967854972 
2049.761991875	99.967854972 
2152.608985411	99.967854972 
2260.650271536	99.967854972 
2373.885850248	99.967854972 
2493.354580062	99.967854972 
2619.056460977	99.967854972 
2750.991492989	99.967854972 
2889.159676096	99.967854972 
3034.599868815	99.967854972 
3187.312071141	99.967854972 
3347.296283073	99.967854972 
3515.591363127	99.967854972 
3692.197311299	99.967854972 
3877.114127586	99.967854972 
4071.380670504	99.967854972 
4274.996940048	99.967854972 
4489.001794734	99.967854972 
4714.434093076	99.967854972 
4950.254976552	99.967854972 
5198.542162194	99.967854972 
5459.295649997	99.967854972 
5732.515439956	99.967854972 
6019.240390587	99.967854972 
6320.509360399	99.967854972 
6637.361207906	99.967854972 
6969.795933103	99.967854972 
7318.852394501	99.967854972 
7685.569450612	99.967854972 
8069.947101430	99.967854972 
8474.063063983	99.967854972 
8897.917338264	99.967854972 
9343.587641300	99.967854972 
9811.073973085	99.967854972 
10302.454050645	99.967854972 
10817.727873973	99.967854972 
11358.973160094	99.967854972 
11927.228767518	99.967854972 
12524.572413267	99.967854972 
13151.004097338	99.967854972 
13808.601536752	99.967854972 
14499.442448534	99.967854972 
15224.565691192	99.967854972 
15986.048981750	99.967854972 
16785.970037232	99.967854972 
17625.367716146	99.967854972 
18507.358594030	99.967854972 
19432.981529396	99.967854972 
20405.353097780	99.967854972 
21426.551016209	99.967854972 
22498.653001708	99.967854972 
23623.736771304	99.967854972 
24805.957759051	99.967854972 
26046.354823467	99.967854972 
27349.083398607	99.967854972 
28717.260060017	99.967854972 
30154.001383245	99.967854972 
31662.423943841	99.967854972 
33245.644317359	99.967854972 
34908.856796377	99.967854972 
36655.177956456	99.967854972 
38488.763231673	99.967854972 
40413.768056107	99.967854972 
42435.386722358	99.967854972 
44557.774664518	99.967854972 
46786.126175196	99.967854972 
49125.635547012	99.967854972 
51582.535931106	99.967854972 
54162.021620114	99.967854972 
56870.325765195	99.967854972 
59714.720376037	99.967854972 
62701.438603824	99.967854972 
65836.713599755	99.967854972 
69128.856232075	99.967854972 
72586.177369047	99.967854972 
76215.949020441	99.967854972 
80027.520913078	99.967854972 
84029.203915290	99.967854972 
88231.386612470	99.967854972 
92643.418731525	99.967854972 
97275.688857913	99.967854972 
